100
24.53
37.91
8.92
22.30
64.67
8.92
40.14
40.14
49.06
31.22
11.15
11.15
2.23
60.21
2.23
24.53
55.75
4.46
60.21
13.38
46.83
53.52
4.46
6.69
49.06
49.06
46.83
57.98
17.84
11.15
37.91
13.38
24.53
40.14
20.07
49.06
37.91
42.37
55.75
53.52
51.29
46.83
4.46
6.69
6.69
31.22
46.83
2.23
51.29
62.44
37.91
31.22
49.06
60.21
60.21
42.37
51.29
46.83
42.37
62.44
35.68
11.15
44.60
26.76
40.14
35.68
22.30
4.46
8.92
62.44
57.98
33.45
44.60
20.07
22.30
44.60
13.38
46.83
6.69
17.84
20.07
51.29
53.52
8.92
13.38
44.60
35.68
57.98
24.53
62.44
53.52
20.07
57.98
28.99
37.91
62.44
17.84
26.76
20.07
24.53